30
[[0.3507 ]
 [0.36072]
 [0.2004 ]
 [0.41082]
 [1.0621 ]
 [4.5291 ]
 [3.988  ]
 [3.6072 ]
 [1.4128 ]
 [1.6934 ]
 [4.1483 ]
 [1.2024 ]
 [1.8737 ]
 [3.2565 ]
 [0.09018]
 [1.2826 ]
 [1.9539 ]
 [2.7355 ]
 [1.7936 ]
 [1.3928 ]
 [2.1543 ]
 [4.6393 ]
 [2.0842 ]
 [4.2485 ]
 [4.3487 ]
 [4.7295 ]
 [0.1002 ]
 [3.1463 ]
 [3.5471 ]
 [0.87174]]

50
[[4.5792 ]
 [4.5291 ]
 [1.8337 ]
 [4.6393 ]
 [3.988  ]
 [4.3487 ]
 [3.6673 ]
 [1.2826 ]
 [3.6874 ]
 [0.09018]
 [0.52104]
 [1.9539 ]
 [1.8637 ]
 [1.0621 ]
 [1.7936 ]
 [0.41082]
 [1.3427 ]
 [2.7655 ]
 [1.1122 ]
 [0.73146]
 [2.4749 ]
 [2.3146 ]
 [3.8477 ]
 [4.2285 ]
 [4.0882 ]
 [0.6012 ]
 [4.5892 ]
 [2.024  ]
 [4.9699 ]
 [4.7295 ]
 [0.2004 ]
 [3.2866 ]
 [0.9519 ]
 [4.6894 ]
 [0.3507 ]
 [0.17034]
 [3.6473 ]
 [4.8898 ]
 [3.4669 ]
 [1.9238 ]
 [2.014  ]
 [1.9038 ]
 [2.1643 ]
 [2.4048 ]
 [2.1543 ]
 [3.1463 ]
 [2.2244 ]
 [4.1483 ]
 [1.3928 ]
 [3.3567 ]]

75
[[1.4329 ]
 [2.4048 ]
 [4.4689 ]
 [3.8577 ]
 [4.5291 ]
 [4.509  ]
 [1.4228 ]
 [4.2585 ]
 [1.1122 ]
 [0.1503 ]
 [4.2385 ]
 [3.1363 ]
 [2.6453 ]
 [4.5792 ]
 [2.2846 ]
 [2.5852 ]
 [4.4188 ]
 [4.6393 ]
 [2.9659 ]
 [0.9519 ]
 [2.1643 ]
 [3.4669 ]
 [0.2004 ]
 [4.2184 ]
 [4.9699 ]
 [2.024  ]
 [0.6012 ]
 [3.6072 ]
 [4.0882 ]
 [0.1002 ]
 [4.0281 ]
 [0.49098]
 [1.6934 ]
 [4.5892 ]
 [2.1844 ]
 [0.77154]
 [4.8898 ]
 [3.3567 ]
 [4.2285 ]
 [4.0581 ]
 [1.3026 ]
 [4.2485 ]
 [3.9679 ]
 [0.52104]
 [3.988  ]
 [0.4008 ]
 [1.1423 ]
 [0.24048]
 [0.73146]
 [2.7956 ]
 [3.5471 ]
 [3.2866 ]
 [4.3487 ]
 [2.1543 ]
 [3.006  ]
 [1.2826 ]
 [2.986  ]
 [0.09018]
 [0.87174]
 [0.18036]
 [2.7355 ]
 [0.36072]
 [1.9539 ]
 [4.7295 ]
 [1.2024 ]
 [3.5271 ]
 [3.6473 ]
 [1.483  ]
 [0.17034]
 [1.8637 ]
 [2.3146 ]
 [1.0621 ]
 [4.1483 ]
 [1.7936 ]
 [1.9238 ]]

90
[[4.6894 ]
 [0.6012 ]
 [0.52104]
 [1.3026 ]
 [3.1363 ]
 [0.24048]
 [4.4689 ]
 [1.8637 ]
 [1.8337 ]
 [1.2826 ]
 [0.73146]
 [4.7295 ]
 [0.3507 ]
 [2.4749 ]
 [4.2485 ]
 [2.2846 ]
 [1.3928 ]
 [0.1002 ]
 [4.7495 ]
 [3.6874 ]
 [1.1423 ]
 [0.2004 ]
 [1.3427 ]
 [0.77154]
 [2.3146 ]
 [3.6072 ]
 [2.0842 ]
 [2.7956 ]
 [4.1483 ]
 [3.2866 ]
 [3.6473 ]
 [4.5291 ]
 [2.7355 ]
 [1.9238 ]
 [4.2585 ]
 [4.9699 ]
 [1.0621 ]
 [3.5271 ]
 [4.0882 ]
 [4.3487 ]
 [3.3567 ]
 [1.9539 ]
 [4.4188 ]
 [3.2565 ]
 [1.1122 ]
 [0.09018]
 [4.2385 ]
 [1.6934 ]
 [3.6673 ]
 [3.7876 ]
 [1.4329 ]
 [2.986  ]
 [1.9038 ]
 [3.4669 ]
 [0.87174]
 [0.49098]
 [3.8577 ]
 [4.509  ]
 [3.8477 ]
 [2.2244 ]
 [2.014  ]
 [0.9519 ]
 [2.1844 ]
 [0.92184]
 [4.0281 ]
 [1.4228 ]
 [3.006  ]
 [4.8898 ]
 [3.9679 ]
 [4.5892 ]
 [2.4048 ]
 [3.5471 ]
 [2.9659 ]
 [0.1503 ]
 [0.41082]
 [0.83166]
 [0.36072]
 [1.483  ]
 [2.5852 ]
 [4.6393 ]
 [2.4349 ]
 [2.1643 ]
 [4.2184 ]
 [1.4128 ]
 [1.8737 ]
 [2.1543 ]
 [2.7655 ]
 [1.2725 ]
 [1.2024 ]
 [2.024  ]]

95
[[4.2585 ]
 [4.0581 ]
 [1.0621 ]
 [0.92184]
 [3.1463 ]
 [2.2846 ]
 [0.09018]
 [2.024  ]
 [1.6934 ]
 [0.52104]
 [3.6673 ]
 [4.2485 ]
 [1.2725 ]
 [0.17034]
 [1.9038 ]
 [0.3507 ]
 [4.5892 ]
 [3.5471 ]
 [3.4669 ]
 [3.5271 ]
 [2.986  ]
 [2.2244 ]
 [1.2826 ]
 [3.6072 ]
 [4.3487 ]
 [4.7295 ]
 [4.2385 ]
 [1.4128 ]
 [3.7876 ]
 [4.2285 ]
 [1.3427 ]
 [1.9539 ]
 [0.49098]
 [0.1503 ]
 [2.4749 ]
 [4.7495 ]
 [2.4048 ]
 [4.509  ]
 [4.0882 ]
 [2.014  ]
 [3.8477 ]
 [1.3026 ]
 [1.3928 ]
 [0.73146]
 [4.1483 ]
 [0.2004 ]
 [1.1122 ]
 [2.1844 ]
 [4.4188 ]
 [1.4329 ]
 [3.9679 ]
 [1.8637 ]
 [3.3567 ]
 [3.006  ]
 [4.0281 ]
 [0.87174]
 [2.7355 ]
 [2.4349 ]
 [0.18036]
 [3.6874 ]
 [3.988  ]
 [2.5852 ]
 [2.0842 ]
 [1.8737 ]
 [0.83166]
 [1.7936 ]
 [4.2184 ]
 [1.4228 ]
 [3.8577 ]
 [0.6012 ]
 [0.36072]
 [3.2866 ]
 [2.1643 ]
 [1.8337 ]
 [0.77154]
 [4.6393 ]
 [0.24048]
 [4.5291 ]
 [2.7655 ]
 [2.9659 ]
 [0.1002 ]
 [4.9699 ]
 [0.4008 ]
 [4.5792 ]
 [1.1423 ]
 [3.2565 ]
 [2.7956 ]
 [4.6894 ]
 [3.6473 ]
 [0.9519 ]
 [2.3146 ]
 [2.1543 ]
 [4.4689 ]
 [3.1363 ]
 [4.8898 ]]

